#Types Before Cut: 28349
#Types After Cut: 777
#Search Hits: 0
1	93	128.239	пресс
2	80	110.313	вице
3	59	81.356	топ
4	36	49.641	альфа
5	39	45.819	х
6	31	42.746	санкт
7	35	40.517	экс
8	20	27.578	итар
9	20	27.578	российско
10	20	27.578	тасс
11	19	26.199	юго
12	90	25.817	премьер
13	19	19.653	вторых
14	14	19.305	би
15	14	19.305	го
16	14	19.305	нибудь
17	995	16.223	из
18	21	15.053	финансово
19	23	14.638	службе
20	977	14.609	за
21	499	12.860	то
22	9	12.410	военно
23	9	12.410	денежно
24	9	12.410	нью
25	9	12.410	пгс
26	9	12.410	факто
27	9	12.410	хазар
28	30	11.775	менеджер
29	28	10.099	секретарь
30	31	9.774	первых
31	11	9.678	де
32	11	9.678	социально
33	7	9.652	государственно
34	23	8.875	прежнему
35	6	8.274	азиатско
36	12	7.851	сахалин
37	30	7.837	служба
38	14	7.642	е
39	14	7.642	таки
40	103	7.418	бизнес
41	9	7.302	менеджеров
42	5	6.895	крымско
43	5	6.895	парнас
44	5	6.895	рпр
45	5	6.895	цэа
46	20	6.431	й
47	20	6.431	петербурге
48	49	6.299	министр
49	8	6.146	инвест
50	10	5.763	младшего
51	4	5.516	ssj
52	4	5.516	аи
53	4	5.516	горно
54	4	5.516	йорка
55	4	5.516	полюс
56	4	5.516	тихоокеанского
57	4	5.516	топливно
58	4	5.516	украинско
59	7	5.018	тнк
60	13	4.951	ту
61	9	4.767	си
62	16	4.643	ик
63	32	4.556	премьера
64	17	4.223	каких
65	3	4.137	day
66	3	4.137	exit
67	3	4.137	it
68	3	4.137	poll
69	3	4.137	ан
70	3	4.137	генераторных
71	3	4.137	информационно
72	3	4.137	йорке
73	3	4.137	колл
74	3	4.137	мастер
75	3	4.137	политико
76	3	4.137	су
77	3	4.137	татарского
78	3	4.137	торгово
79	3	4.137	транспортно
80	3	4.137	умеренно
81	3	4.137	эко
82	3	4.137	южно
83	6	3.926	дизель
84	6	3.926	менеджера
85	6	3.926	третьих
86	10	3.925	петербург
87	8	3.811	bp
88	8	3.811	интернет
89	41	3.800	министра
90	19	3.578	петербурга
91	11	3.345	какую
92	11	3.345	летний
93	9	3.095	летнего
94	9	3.095	омбудсмен
95	9	3.095	промышленной
96	60	3.062	м
97	18	2.992	кредиторы
98	245	2.924	во
99	7	2.905	секретаря
100	7	2.905	сенатора
101	5	2.882	левада
102	5	2.882	северо
103	46	2.831	службы
104	2	2.758	dobrolet
105	2	2.758	payment
106	2	2.758	plus
107	2	2.758	pr
108	2	2.758	борисово
109	2	2.758	генераторов
110	2	2.758	гостинично
111	2	2.758	дону
112	2	2.758	ил
113	2	2.758	йоркской
114	2	2.758	какого
115	2	2.758	квартира
116	2	2.758	кво
117	2	2.758	километрового
118	2	2.758	классом
119	2	2.758	клейманс
120	2	2.758	кое
121	2	2.758	конструкторских
122	2	2.758	кредитора
123	2	2.758	купли
124	2	2.758	лебсак
125	2	2.758	мажорные
126	2	2.758	менеджерами
127	2	2.758	минерально
128	2	2.758	обогатительного
129	2	2.758	одномандатников
130	2	2.758	орехово
131	2	2.758	полюса
132	2	2.758	полюсом
133	2	2.758	проектно
134	2	2.758	разыскных
135	2	2.758	релизе
136	2	2.758	рск
137	2	2.758	санкционеров
138	2	2.758	службах
139	2	2.758	сырьевой
140	2	2.758	сюрприз
141	2	2.758	таможенно
142	2	2.758	теле
143	2	2.758	тестов
144	2	2.758	флеш
145	2	2.758	форс
146	2	2.758	хедж
147	2	2.758	яхинского
148	37	2.697	какие
149	34	2.504	какой
150	143	2.416	президент
151	8	2.321	консенсус
152	32	2.219	востоке
153	6	2.064	кем
154	6	2.064	стресс
155	9	1.937	менеджеры
156	4	1.905	infoline
157	4	1.905	онлайн
158	66	1.819	либо
159	23	1.638	интерфакс
160	11	1.456	единоросс
161	1	1.379	anti
162	1	1.379	anzeiger
163	1	1.379	bbb
164	1	1.379	benz
165	1	1.379	cash
166	1	1.379	center
167	1	1.379	den
168	1	1.379	flow
169	1	1.379	geo
170	1	1.379	itochu
171	1	1.379	marubeni
172	1	1.379	off
173	1	1.379	partnership
174	1	1.379	pos
175	1	1.379	pseudo
176	1	1.379	quasi
177	1	1.379	services
178	1	1.379	spin
179	1	1.379	strategic
180	1	1.379	superjet
181	1	1.379	tages
182	1	1.379	tу
183	1	1.379	versus
184	1	1.379	westernism
185	1	1.379	авиарейса
186	1	1.379	азово
187	1	1.379	акцент
188	1	1.379	алтайске
189	1	1.379	алчевско
190	1	1.379	аль
191	1	1.379	английски
192	1	1.379	аппетиты
193	1	1.379	арктур
194	1	1.379	арт
195	1	1.379	асм
196	1	1.379	афи
197	1	1.379	баден
198	1	1.379	байкало
199	1	1.379	балкарии
200	1	1.379	белорусско
201	1	1.379	бренды
202	1	1.379	буркина
203	1	1.379	буша
204	1	1.379	варьете
205	1	1.379	веб
206	1	1.379	вертикально
207	1	1.379	вертолетоносца
208	1	1.379	взрывные
209	1	1.379	видимому
210	1	1.379	воздушно
211	1	1.379	восточно
212	1	1.379	вход
213	1	1.379	вюртемберг
214	1	1.379	гей
215	1	1.379	гербикано
216	1	1.379	греко
217	1	1.379	давным
218	1	1.379	данильян
219	1	1.379	дв
220	1	1.379	декабрь
221	1	1.379	днепр
222	1	1.379	долгожителей
223	1	1.379	должников
224	1	1.379	ево
225	1	1.379	западно
226	1	1.379	заявителя
227	1	1.379	звонка
228	1	1.379	израильского
229	1	1.379	империю
230	1	1.379	интегратора
231	1	1.379	интегрированных
232	1	1.379	ину
233	1	1.379	истребителей
234	1	1.379	итальянски
235	1	1.379	кабардино
236	1	1.379	казахской
237	1	1.379	каиды
238	1	1.379	карачаево
239	1	1.379	карт
240	1	1.379	квартире
241	1	1.379	километровой
242	1	1.379	километровую
243	1	1.379	кокс
244	1	1.379	командно
245	1	1.379	коммунисту
246	1	1.379	комплаенс
247	1	1.379	консервативно
248	1	1.379	контакт
249	1	1.379	контрагент
250	1	1.379	контрольно
251	1	1.379	конференц
252	1	1.379	конфессиональных
253	1	1.379	космической
254	1	1.379	крестьянско
255	1	1.379	кросс
256	1	1.379	кузбасская
257	1	1.379	курильских
258	1	1.379	ланка
259	1	1.379	лесли
260	1	1.379	летием
261	1	1.379	летней
262	1	1.379	логистики
263	1	1.379	лоукост
264	1	1.379	луга
265	1	1.379	майнинг
266	1	1.379	макро
267	1	1.379	мальски
268	1	1.379	мара
269	1	1.379	математических
270	1	1.379	медико
271	1	1.379	медно
272	1	1.379	менеджером
273	1	1.379	метровых
274	1	1.379	миг
275	1	1.379	мигалку
276	1	1.379	мильной
277	1	1.379	минно
278	1	1.379	мневники
279	1	1.379	монстров
280	1	1.379	морально
281	1	1.379	мошенничеству
282	1	1.379	мс
283	1	1.379	му
284	1	1.379	мюррей
285	1	1.379	надым
286	1	1.379	нарьян
287	1	1.379	невыплате
288	1	1.379	неудачницы
289	1	1.379	никелевого
290	1	1.379	ново
291	1	1.379	номос
292	1	1.379	норильск
293	1	1.379	обогатительный
294	1	1.379	огарево
295	1	1.379	однодневок
296	1	1.379	оздоровительного
297	1	1.379	ом
298	1	1.379	оповещения
299	1	1.379	оппозиционер
300	1	1.379	освободительная
301	1	1.379	особенному
302	1	1.379	оэнкашник
303	1	1.379	палестино
304	1	1.379	партийно
305	1	1.379	патриотическое
306	1	1.379	первомайском
307	1	1.379	пересадочные
308	1	1.379	перехватчиков
309	1	1.379	персоны
310	1	1.379	петербургу
311	1	1.379	плательщик
312	1	1.379	плуто
313	1	1.379	порталов
314	1	1.379	порталы
315	1	1.379	предупредительных
316	1	1.379	премиум
317	1	1.379	программах
318	1	1.379	промышленно
319	1	1.379	пропаганде
320	1	1.379	процессуального
321	1	1.379	процессуальный
322	1	1.379	процессуальным
323	1	1.379	пуртазе
324	1	1.379	пятых
325	1	1.379	распределенных
326	1	1.379	релиза
327	1	1.379	ремо
328	1	1.379	рн
329	1	1.379	ростова
330	1	1.379	ростове
331	1	1.379	рублево
332	1	1.379	русски
333	1	1.379	сан
334	1	1.379	сейсмику
335	1	1.379	секретари
336	1	1.379	секретарю
337	1	1.379	секретаь
338	1	1.379	сердечно
339	1	1.379	сити
340	1	1.379	смс
341	1	1.379	советские
342	1	1.379	советско
343	1	1.379	совладельцах
344	1	1.379	сосудисто
345	1	1.379	сосудистой
346	1	1.379	социологических
347	1	1.379	спарк
348	1	1.379	спср
349	1	1.379	сталинско
350	1	1.379	стане
351	1	1.379	стариковски
352	1	1.379	старому
353	1	1.379	статс
354	1	1.379	стоматологического
355	1	1.379	таас
356	1	1.379	тарифном
357	1	1.379	тарифный
358	1	1.379	татарским
359	1	1.379	татарской
360	1	1.379	телефонстроя
361	1	1.379	терапевтического
362	1	1.379	террористические
363	1	1.379	теста
364	1	1.379	техник
365	1	1.379	технико
366	1	1.379	тихо
367	1	1.379	тихоокеанском
368	1	1.379	ток
369	1	1.379	тохомское
370	1	1.379	трансстрой
371	1	1.379	трейд
372	1	1.379	трейдинг
373	1	1.379	трест
374	1	1.379	тысячную
375	1	1.379	тяжеловеса
376	1	1.379	университетская
377	1	1.379	уральский
378	1	1.379	уренгойскому
379	1	1.379	успенском
380	1	1.379	усть
381	1	1.379	фасо
382	1	1.379	фермерским
383	1	1.379	фигалку
384	1	1.379	физико
385	1	1.379	физлицами
386	1	1.379	футового
387	1	1.379	хирургическое
388	1	1.379	хорошево
389	1	1.379	хорошему
390	1	1.379	хрущевского
391	1	1.379	цент
392	1	1.379	частно
393	1	1.379	черкесии
394	1	1.379	четвертых
395	1	1.379	чешско
396	1	1.379	чм
397	1	1.379	чьей
398	1	1.379	шоу
399	1	1.379	шри
400	1	1.379	штабные
401	1	1.379	экономико
402	1	1.379	экспертно
403	1	1.379	электрик
404	1	1.379	эсэра
405	1	1.379	этического
406	1	1.379	юбилейному
407	1	1.379	юре
408	1	1.379	юрубчено
409	1	1.379	юрях
410	1	1.379	ямальское
411	1	1.379	японском
412	21	1.358	рахимова
413	5	1.306	call
414	5	1.306	коммуниста
415	5	1.306	младший
416	5	1.306	процентной
417	5	1.306	уголовно
418	17	1.252	кредитной
419	98	1.136	кто
420	14	1.059	каким
421	3	1.032	control
422	3	1.032	воздушных
423	3	1.032	летняя
424	3	1.032	логистической
425	3	1.032	медиа
426	3	1.032	мент
427	3	1.032	мост
428	3	1.032	настоящему
429	3	1.032	объединений
430	3	1.032	оперативно
431	3	1.032	оптимистичного
432	3	1.032	сервисных
433	3	1.032	служб
434	3	1.032	технической
435	3	1.032	энергетические
436	6	0.997	e
437	6	0.997	v
438	6	0.997	службу
439	6	0.997	сообщества
440	15	0.970	полтора
441	40	0.833	башнефть
442	17	0.830	востока
443	240	0.812	банк
444	7	0.807	аналитика
445	7	0.807	частного
446	150	0.788	два
447	293	0.778	банка
448	12	0.776	экономическом
449	18	0.773	спикер
450	56	0.722	депутат
451	27	0.708	кого
452	8	0.677	рахимов
453	4	0.665	единоросса
454	4	0.665	казаки
455	4	0.665	менеджерам
456	4	0.665	строй
457	49	0.654	экономического
458	14	0.641	каком
459	90	0.637	три
460	31	0.601	депутата
461	9	0.582	китайской
462	9	0.582	холдинг
463	72	0.536	двух
464	10	0.510	элит
465	5	0.491	margin
466	5	0.491	генерал
467	5	0.491	кредитную
468	5	0.491	премьером
469	5	0.491	премьеру
470	5	0.491	связь
471	5	0.491	энерго
472	18	0.472	кредиторов
473	11	0.454	штаб
474	19	0.443	центр
475	43	0.407	спг
476	6	0.388	административный
477	6	0.388	какое
478	6	0.388	коммунист
479	6	0.388	менеджмента
480	6	0.388	процессов
481	6	0.388	сенатор
482	13	0.371	moody
483	2	0.332	float
484	2	0.332	free
485	2	0.332	vip
486	2	0.332	авто
487	2	0.332	агентам
488	2	0.332	агенты
489	2	0.332	белорусского
490	2	0.332	внешне
491	2	0.332	восточные
492	2	0.332	враждебно
493	2	0.332	гарант
494	2	0.332	дефолт
495	2	0.332	добровольцами
496	2	0.332	донбасские
497	2	0.332	единороссом
498	2	0.332	инвестиционно
499	2	0.332	конкурента
500	2	0.332	менеджеру
501	2	0.332	моему
502	2	0.332	надзорных
503	2	0.332	настороженно
504	2	0.332	новички
505	2	0.332	огоджинского
506	2	0.332	оздоровительный
507	2	0.332	отпускниками
508	2	0.332	планово
509	2	0.332	победительницы
510	2	0.332	полковник
511	2	0.332	премьерами
512	2	0.332	производственного
513	2	0.332	разному
514	2	0.332	ревизионистским
515	2	0.332	регионстрой
516	2	0.332	ресо
517	2	0.332	самовыдвиженец
518	2	0.332	совладельцам
519	2	0.332	сообществу
520	2	0.332	тест
521	2	0.332	техническое
522	2	0.332	уважительно
523	2	0.332	экспатов
524	2	0.332	экспортерам
525	2	0.332	эсэр
526	2	0.332	яро
527	7	0.320	братья
528	7	0.320	сообществом
529	15	0.312	прогнозу
530	15	0.312	экономический
531	39	0.307	s
532	27	0.291	чуть
533	16	0.289	групп
534	145	0.287	банки
535	42	0.281	трех
536	8	0.272	восточного
537	8	0.272	министром
538	9	0.236	аналитического
539	9	0.236	конференции
540	9	0.236	правового
541	9	0.236	сибирь
542	9	0.236	экономическое
543	9	0.236	энергетического
544	74	0.211	центра
545	10	0.208	какая
546	10	0.208	мэр
547	10	0.208	процентный
548	10	0.208	экспресс
549	37	0.200	пять
550	22	0.198	украинской
551	3	0.194	d
552	3	0.194	poor
553	3	0.194	британской
554	3	0.194	бурение
555	3	0.194	г
556	3	0.194	депутату
557	3	0.194	доверительных
558	3	0.194	европейцев
559	3	0.194	зампреда
560	3	0.194	индийская
561	3	0.194	иранской
562	3	0.194	китайского
563	3	0.194	корабля
564	3	0.194	майора
565	3	0.194	общественно
566	3	0.194	опять
567	3	0.194	плану
568	3	0.194	покупатель
569	3	0.194	правовое
570	3	0.194	правые
571	3	0.194	процентную
572	3	0.194	сайт
573	3	0.194	сегмента
574	3	0.194	трудовых
575	3	0.194	уралкалий
576	3	0.194	финам
577	3	0.194	центров
578	3	0.194	черноморского
579	3	0.194	чьих
580	24	0.179	риск
581	142	0.177	президента
582	212	0.173	под
583	13	0.152	офисе
584	13	0.152	экономические
585	14	0.140	чьи
586	4	0.136	mercedes
587	4	0.136	агентств
588	4	0.136	активисты
589	4	0.136	амурской
590	4	0.136	гарантия
591	4	0.136	карты
592	4	0.136	климат
593	4	0.136	мужчины
594	4	0.136	национально
595	4	0.136	нерезидентов
596	4	0.136	ноябрь
597	4	0.136	сервиса
598	4	0.136	торговлю
599	4	0.136	транс
600	4	0.136	украинском
601	4	0.136	фирм
602	4	0.136	юрлиц
603	55	0.123	депутатов
604	34	0.117	мечел
605	17	0.111	единороссов
606	5	0.104	a
607	5	0.104	бить
608	5	0.104	владивосток
609	5	0.104	выплате
610	5	0.104	грузии
611	5	0.104	данилов
612	5	0.104	западном
613	5	0.104	зачем
614	5	0.104	летних
615	5	0.104	радикально
616	5	0.104	сахалина
617	5	0.104	своему
618	5	0.104	тремя
619	5	0.104	японских
620	18	0.103	пяти
621	18	0.103	сочи
622	40	0.096	украина
623	101	0.093	где
624	20	0.091	киев
625	43	0.087	президентом
626	6	0.084	депутатом
627	6	0.084	класса
628	6	0.084	коммунистов
629	6	0.084	председателю
630	6	0.084	союз
631	6	0.084	технический
632	6	0.084	условно
633	6	0.084	чему
634	347	0.082	все
635	22	0.081	мало
636	23	0.077	депутаты
637	50	0.072	продажи
638	50	0.072	стран
639	7	0.070	водители
640	7	0.070	добролет
641	7	0.070	имена
642	7	0.070	китайские
643	7	0.070	кому
644	7	0.070	менеджмент
645	7	0.070	советских
646	7	0.070	сообщество
647	7	0.070	экономическую
648	27	0.063	организаций
649	8	0.060	губернатором
650	8	0.060	двумя
651	8	0.060	заводе
652	8	0.060	инфраструктуру
653	8	0.060	плане
654	8	0.060	практика
655	29	0.057	политических
656	30	0.055	десять
657	100	0.055	система
658	63	0.053	газпром
659	9	0.052	вкладчиков
660	9	0.052	заемщики
661	9	0.052	инвестора
662	9	0.052	интересам
663	9	0.052	коммерсантъ
664	9	0.052	морского
665	9	0.052	ск
666	9	0.052	торгового
667	151	0.051	банков
668	32	0.051	статус
669	2155	0.047	по
670	10	0.046	западе
671	10	0.046	кредитного
672	35	0.045	четыре
673	37	0.042	компаниям
674	11	0.041	выход
675	11	0.041	интересы
676	11	0.041	кампанию
677	11	0.041	ну
678	11	0.041	покупки
679	11	0.041	политический
680	11	0.041	политическую
681	12	0.036	b
682	12	0.036	кредиторами
683	12	0.036	операторов
684	12	0.036	предпринимателя
685	12	0.036	структур
686	12	0.036	экономическим
687	13	0.033	восточной
688	13	0.033	государственного
689	13	0.033	новому
690	13	0.033	семь
691	13	0.033	холдинга
692	46	0.031	прогноз
693	14	0.030	клиентами
694	14	0.030	коммунисты
695	14	0.030	куда
696	92	0.030	российской
697	14	0.030	ход
698	15	0.027	актив
699	15	0.027	стратегии
700	16	0.025	вопросов
701	16	0.025	государственной
702	161	0.025	когда
703	16	0.025	покупке
704	16	0.025	полгода
705	17	0.023	ннк
706	17	0.023	экономических
707	18	0.022	лидеров
708	18	0.022	структуры
709	18	0.022	формально
710	19	0.020	губернаторов
711	19	0.020	рейтинг
712	61	0.020	системе
713	19	0.020	ходорковского
714	20	0.019	акционерам
715	20	0.019	российскую
716	20	0.019	фондов
717	21	0.018	лукойл
718	21	0.018	приватизации
719	194	0.017	чем
720	69	0.016	одного
721	24	0.015	ассоциации
722	24	0.015	вести
723	23	0.015	давно
724	23	0.015	организация
725	23	0.015	форума
726	25	0.014	банками
727	25	0.014	банку
728	25	0.014	кризис
729	25	0.014	плюс
730	25	0.014	сколько
731	25	0.014	торговли
732	26	0.013	шесть
733	27	0.012	ru
734	27	0.012	политику
735	28	0.012	форуме
736	30	0.010	кредитования
737	31	0.010	почему
738	31	0.010	продаже
739	30	0.010	украинского
740	33	0.009	кандидатов
741	35	0.008	акционеров
742	35	0.008	банкам
743	35	0.008	войны
744	100	0.008	глава
745	34	0.008	евро
746	36	0.008	заместитель
747	109	0.007	бюджета
748	37	0.007	украинских
749	39	0.007	экономической
750	699	0.006	как
751	42	0.006	москва
752	40	0.006	чиновник
753	45	0.005	вообще
754	46	0.005	клиентов
755	46	0.005	целом
756	53	0.004	бюджет
757	51	0.004	государства
758	48	0.004	такие
759	54	0.003	июле
760	54	0.003	ржд
761	54	0.003	российский
762	57	0.003	руководитель
763	1992	0.003	что
764	63	0.002	августе
765	62	0.002	капитал
766	69	0.002	одной
767	63	0.002	организации
768	66	0.002	фонд
769	82	0.001	первый
770	91	0.001	такой
771	74	0.001	эксперт
772	99	0.000	ему
773	127	0.000	компаний
774	103	0.000	партии
775	105	0.000	раз
776	103	0.000	страны
777	271	0.000	я
